139
140
141
143
166
178
148
165
159
117
144
160
158
148
164
157
170
152
184
150
155
152
152
166
159
149
154
169
140
167
140
161
158
165
145
178
152
167
152
164
170
154
145
137
130
172
151
147
169
175
138
140
146
172
150
148
164
139
153
164
160
127
157
152
159
154
139
159
155
149
138
153
171
138
153
170
147
145
141
188
138
171
155
166
139
148
173
189
141
139
149
166
169
157
171
172
149
141
167
149
160
155
4
12
146
144
146
198
151
150
161
142
181
136
167
180
153
171
168
146
159
167
184
165
142
156
145
158
142
167
146
158
152
161
164
162
149
173
172
135
169
176
155
159
161
155
186
150
158
114
188
163
185
155
154
159
166
161
152
116
186
159
160
167
142
177
187
160
141
141
163
139
170
155
173
175
144
193
157
140
148
161
170
141
147
148
163
149
143
161
137
142
158
154
173
169
160
162
166
147
183
143
187
150
179
142
137
152
155
157
124
144
161
164
127
146
157
198
156
137
134
137
159
162
156
164
197
168
148
148
124
144
163
120
144
162
168
142
104
145
183
169
130
129
159
148
114
168
126
150
164
200
162
156
145
220
134
155
184
189
154
160
182
122
125
155
145
179
159
166
121
198
152
162
156
174
135
148
140
188
158
169
156
148
185
145
159
180
125
138
165
162
162
212
137
157
110
150
172
128
120
156
154
157
142
185
141
134
110
166
127
117
104
204
142
189
155
169
108
155
190
131
200
174
135
122
147
171
146
158
146
136
187
175
160
121
163
164
155
168
162
144
152
120
162
130
164
196
131
114
175
109
156
114
151
94
162
142
145
128
129
153
118
130
134
135
123
95
95
215
199
166
204
97
91
168
122
178
177
158
162
135
178
182
132
143
183
173
166
217
113
90
61
81
144
151
177
116
119
181
139
135
171
148
109
160
134
94
133
147
131
160
192
156
192
161
144
112
160
170
137
123
212
82
113
188
182
106
154
191
148
207
119
180
162
194
125
136
147
162
160
119
151
183
160
161
231
159
74
96
92
182
138
194
119
133
171
79
130
197
49
145
128
148
164
110
172
84
144
147
101
160
150
136
99
161
138
196
154
87
141
141
97
88
207
118
173
133
64
126
183
186
123
169
128
194
129
172
164
113
104
122
124
120
105
127
102
184
138
172
116
106
123
227
147
124
132
72
125
233
187
233
155
59
86
181
194
96
151
113
115
160
72
149
162
108
133
152
129
95
67
170
248
157
140
108
148
73
88
156
156
177
176
135
41
149
152
147
151
143
72
224
196
206
101
123
114
186
128
71
200
163
228
205
106
231
150
128
210
149
141
74
174
25
165
157
177
98
126
47
155
142
213
117
191
200
185
116
224
243
51
22
164
158
131
158
267
106
185
111
168
186
282
156
117
118
83
83
47
205
124
224
164
170
108
91
145
133
116
246
232
120
118
217
179
214
167
104
124
141
160
82
156
115
159
189
95
222
17
166
167
145
319
230
75
55
123
171
80
179
60
167
57
169
170
110
135
102
125
181
281
109
123
231
129
80
67
153
59
193
153
261
150
161
187
179
64
65
143
213
172
183
101
67
202
202
145
193
128
100
78
-20
217
191
115
293
258
80
198
73
153
93
161
262
107
163
92
214
65
265
90
124
131
-10
220
204
368
115
70
192
177
96
100
28
203
171
233
184
180
46
202
53
-5
218
102
131
202
137
229
177
116
29
229
158
106
189
198
52
8
70
199
76
114
80
89
91
53
64
-3
227
106
194
151
192
182
79
161
274
228
156
45
140
77
10
111
138
308
138
84
106
235
375
136
135
247
164
84
103
166
98
104
147
171
-21
234
157
61
63
121
136
84
266
118
275
16
189
8
127
-16
195
10
228
168
248
148
189
105
160
36
265
56
190
92
138
99
258
156
212
121
177
95
284
-36
243
292
138
76
67
298
123
211
227
56
-37
177
97
149
217
123
183
73
180
140
265
105
270
345
115
254
170
109
51
233
261
-100
279
173
246
214
272
263
125
340
224
213
323
89
281
90
159
-14
108
236
82
107
379
246
213
121
194
115
73
-40
150
73
208
-3
141
157
59
234
149
69
194
114
33
252
112
213
266
190
243
84
137
132
138
217
155
136
308
64
139
370
283
13
196
70
142
61
42
47
53
144
49
92
218
192
221
92
51
218
237
143
286
117
111
-56
17
267
84
235
89
231
158
147
227
72
39
110
212
-43
200
118
124
240
195
214
99
8
61
75
271
169
186
163
265
108
116
170
91
127
-80
84
174
310
83
164
102
177
33
147
172
100
226
274
162
158
113
186
222
121
53
301
196
53
160
110
171
100
148
140
310
48
332
166
110
166
-38
59
145
132
81
-28
180
85
-41
-57
195
149
94
221
142
283
73
73
232
105
-104
182
63
113
76
193
132
27
111
33
169
145
108
-91
178
-86
198
228
106
177
38
276
228
213
1
230
254
225
122
83
38
154
308
124
101
94
112
63
89
272
-57
10
114
200
150
298
116
33
41
91
183
164
151
175
166
160
-138
117
-21
158
144
99
63
243
-11
291
117
-44
267
141
190
204
132
122
105
19
-38
126
43
140
55
154
127
250
31
-98
83
114
220
215
76
15
57
149
75
16
54
12
-14
32
220
182
-135
37
122
-43
151
9
45
-41
140
-128
125
236
93
-57
-15
162
114
249
-26
147
-73
36
97
158
41
9
168
181
51
93
200
-36
-112
86
-103
-20
68
3
63
130
-50
-42
74
120
103
-65
123
191
82
19
143
95
183
156
170
18
68
226
-19
-10
19
112
193
160
222
-91
10
185
-29
53
120
-55
222
-32
207
29
180
5
107
-118
170
-28
145
-68
28
39
5
78
116
-30
30
137
42
55
-44
208
23
108
-74
-84
298
92
110
69
220
95
142
43
-32
-113
98
-72
0
63
95
74
154
230
-8
178
94
158
-39
6
51
71
-13
35
71
-32
-57
111
-36
1
-4
11
129
0
55
15
51
90
-94
-52
67
13
64
-87
-40
12
-140
-7
-126
-118
-38
129
26
-13
-55
-59
-86
105
-33
94
116
-74
94
-92
81
174
43
50
49
-124
11
101
11
175
-121
-37
-108
39
-101
90
-83
-111
-73
-208
182
82
-95
-83
90
-211
-160
267
132
200
-67
29
154
-42
-25
-13
12
-17
-65
43
98
28
-48
-250
46
-129
-84
118
-61
-2
-7
-39
13
-13
-161
-74
-40
25
-221
-78
-131
82
-60
70
110
-11
-54
-108
-30
73
69
2
55
-64
130
-40
47
-34
92
-21
-74
-68
130
-42
168
-145
-106
67
218
-166
132
27
106
-34
15
-75
-43
57
-70
72
192
-93
70
-63
223
-63
-141
-149
107
5
-117
-70
-56
-102
114
73
-197
-62
-17
-11
-164
62
138
-61
-12
94
36
-90
75
-117
-123
-82
-5
188
-119
25
93
63
23
-100
151
31
-72
-82
20
111
-12
81
44
-84
69
141
156
36
66
-102
56
-91
168
13
104
59
-86
-15
37
-66
108
-57
14
-79
-36
-83
-10
78
-138
31
-58
-6
-6
107
18
-91
50
95
167
-177
126
68
223
134
123
-124
-100
-66
138
-151
174
158
-75
154
52
-130
-173
118
74
-18
-9
22
-129
114
-52
68
46
-46
124
-68
131
-30
29
100
-59
42
123
-80
-44
30
111
256
-108
53
-133
67
-194
44
113
-1
-12
-115
-119
-2
-155
55
9
74
83
-2
77
-11
17
83
76
104
167
66
-246
-8
149
0
33
24
217
-79
-3
11
80
51
64
-135
-26
103
93
-69
160
-60
172
-50
-42
-90
52
-84
-29
180
55
110
-53
-93
123
44
-180
-163
35
108
-43
-180
194
-48
-22
57
47
53
-84
-239
121
-128
19
-101
-38
52
123
-26
-228
-50
-28
-83
171
-130
-21
37
18
66
-48
202
1
125
149
5
21
17
-149
2
-99
-83
-116
-30
-238
21
57
-176
25
60
-130
24
181
-22
33
-181
-17
-64
27
31
-42
-29
-25
-32
140
80
-113
13
-71
-134
-52
-261
-145
67
-79
-97
-102
-57
187
23
-64
27
54
52
96
-50
-7
-71
48
137
93
121
-120
114
3
224
16
-78
-89
31
40
-64
-146
168
-54
-69
-106
-217
-67
172
-73
-8
-112
-10
-96
2
91
-106
-61
-25
35
-14
-129
10
-70
-102
-221
-153
-223
-83
-23
-69
31
119
-23
31
114
76
-42
28
6
30
-20
67
46
-76
-28
54
59
-16
-60
-118
-3
-70
111
21
8
-57
-137
-273
56
-56
-66
-27
-104
-12
85
31
183
-69
6
-25
-140
-128
-108
-89
17
-66
-48
-64
-13
-128
-85
-50
26
64
-90
76
-1
-138
-94
-88
-94
-96
33
207
109
-186
-7
-119
62
-102
53
-69
14
-59
-28
-72
-156
-128
-115
91
33
-5
-205
-25
21
-88
119
-177
-42
-88
-77
15
-52
-108
46
39
-82
28
20
-93
6
-142
-161
-63
76
-31
36
-17
102
-21
-109
-105
95
-146
-197
-6
-4
59
-35
-1
-88
55
-78
-14
16
4
1
48
-102
-145
16
-59
-142
21
69
-21
-73
211
-150
-44
-55
57
-185
-89
-107
-67
-62
-11
-184
-45
-141
-56
34
-102
-128
-68
-103
-25
109
-26
8
-99
-138
-106
-242
4
-196
-88
6
73
-57
-92
-124
-145
-87
-88
-69
-6
-89
53
-114
-34
-6
-102
-105
-122
-22
64
-29
-228
88
-101
-112
-115
-30
-44
-10
-118
119
-86
-24
-93
-150
13
-203
35
-184
-101
-51
-217
-124
-82
-19
-22
-29
-180
-60
17
128
-76
49
-95
-88
-195
-123
-91
52
-60
105
-12
-6
-88
-77
-37
11
15
9
-2
46
-63
-8
-118
17
-163
108
-160
-176
18
21
18
-31
-48
-33
-79
-23
-22
-86
-77
-109
-44
35
-122
-49
-178
-47
13
-140
-127
96
-73
55
-103
31
118
-56
-167
-54
-22
-80
-179
89
-169
15
0
-108
-33
-67
-43
-22
-34
-26
-8
39
-74
-50
-4
-78
-154
-45
-59
-41
-54
-23
23
-196
-115
-106
0
-174
10
-45
-70
-19
12
-53
-41
-76
-159
-165
-31
-107
-40
55
21
-6
17
-112
-6
-36
-141
21
-2
-48
-92
-89
27
-127
-138
-29
-126
79
-74
-48
-118
-81
-81
-65
-151
45
-108
-37
36
56
-45
-98
15
-114
-89
-84
-45
-241
-3
-251
-125
-135
-20
-151
-85
-147
-34
-98
-128
-28
-105
-20
-112
-106
-97
-77
-117
-37
-153
-94
-15
-97
-123
-76
-125
28
-228
-41
-175
-96
-137
-86
-106
-16
-140
-117
-120
48
-79
-57
-87
-54
-67
-31
-93
-19
-86
-74
-137
-126
-65
-124
-136
-91
-120
-153
-11
-165
-122
-100
13
-86
-38
-55
-102
-162
-81
-81
-100
36
-103
-24
-99
-54
-43
-199
-18
-37
-5
-112
-123
-69
-25
-155
-106
-156
5
-188
-128
-140
-64
-33
-9
-159
10
-182
-26
-158
-104
-21
-149
-90
-129
-140
-142
-52
-176
-83
-11
-91
-116
-55
-86
-121
-114
-181
-112
-67
-51
-91
-80
-74
-73
-47
-52
-81
-22
-104
-248
-138
-247
-174
-125
-102
-109
-157
-47
-114
-109
-164
-138
-110
-50
-183
-40
-136
-116
-161
-115
-97
-151
-111
-131
-156
-126
-158
-199
-99
-124
-117
-103
-98
-135
-155
-119
-150
-50
-126
-138
-151
-52
-146
-128
-146
-126
-168
-19
-208
-106
-141
-75
-21
-104
-161
-78
-65
-87
-126
-135
-46
-111
-172
-152
-109
-178
-70
-65
-179
-137
-158
-209
-48
-191
-14
-71
-68
-123
-89
-103
-98
-96
-130
-139
-112
-194
-128
-23
-159
-130
-87
-64
-60
-114
-214
-164
-106
-127
-159
-119
-176
-104
-117
-165
-161
-140
-162
-180
-89
-146
-214
-183
-120
-132
-97
-92
-160
-65
-59
-52
-119
-180
-160
-119
-99
-79
-154
-135
-66
-128
-162
-81
-124
-58
-145
-96
-128
-127
-94
-71
-193
-126
-169
-127
-125
-207
-235
-116
-179
-55
-156
-55
-122
-83
-181
-94
-119
-102
-180
-140
-112
-78
-152
-134
-78
-95
-52
-159
-111
-165
-100
-192
-185
-150
-179
-132
-177
-118
-162
-81
-93
-118
-71
-33
-157
-150
-74
-90
-94
-74
-155
-118
-131
-52
-217
-37
-114
-170
-162
-72
-145
-83
-166
-133
-141
-104
-175
-153
-77
-118
-139
-162
-166
-104
-93
-129
-105
-224
-140
-149
-66
-149
-85
-141
-132
-142
-142
-123
-128
-193
-41
-129
-152
-159
-144
-125
-127
-49
-173
-197
-165
-100
-82
-123
-145
-142
-211
-98
-161
-153
-113
-91
-130
-145
-178
-125
-147
-146
-150
-157
-120
-114
-156
-194
-96
-125
-99
-123
-131
-191
-154
-81
-128
-145
-118
-101
-139
-114
-113
-111
-130
-120
-159
-129
-97
-114
-146
-115
-130
-175
-136
-129
-130
-174
-151
-148
-92
-165
-103
-126
-123
-135
-95
-126
-146
-149
-142
-135
-154
-177
-91
-134
-149
-173
-117
-114
-143
-120
-186
-134
-166
-118
-108
-109
-112
-146
-158
-140
-150
-67
-136
-142
-112
-157
-151
-136
-162
-153
-135
-99
-140
-124
-147
-151
-109
-76
-10
-100
-99
-126
-118
-143
-168
-119
-137
-137
-140
-101
-154
-104
-113
-121
-127
-137
-158
-133
-162
-125
-156
-114
-149
-82
-177
-137
-135
-135
-145
-147
-121
-111
-120
-129
-130
-151
-147
-116
-99
-154
-160
-123
-127
-151
-144
-137
-107
-131
-144
-107
-121
-142
-166
-135
-151
-156
-159
-161
-121
-139
-143
-141
-140
-141
-168
-136
-108
-155
-150
-139
-150
-146
-141
-147
-136
-133
-159
-126
-141
-146
-115
-163
-138
-176
-125
-132
-147
-181
-141
-133
-155
-148
-122
-175
-154
-140
-136
-119
-128
-147
-161
-111
-152
-133
-137
-158
-107
-156
-140
-134
-143
-149
-130
-116
-131
-145
-135
-136
-146
-136
-128
-149
-121
-155
-122
-127
-149
-146
-115
-164
-157
-140
-126
-168
-135
-146
-118
-155
-109
-148
-122
-157
-118
-155
-129
-140
-167
-129
-136
-120
-135
-114
-120
-152
-142
-124
-147
-139
-150
-148
-145
-135
-142
-143
-157
-134
-151
-124
-151
-139
-159
-130
-125
-156
-135
-150
-151
-143
-130
-149
-126
-164
-144
-104
-150
-131
-141
-150
-157
-146
-140
-133
-174
-134
-130
-139
-156
-140
-107
-134
-161
-135
-156
-134
-178
-115
-162
-127
-110
-134
-135
-161
-132
-119
-149
-167
-115
-148
-131
-143
-125
-117
-150
-167
-140
-154
-158
-145
-120
-181
-142
-126
-141
-105
-150
-154
-154
-117
-138
-165
-146
-110
-142
-146
-100
-154
-138
-166
-133
-172
-147
-184
-147
-111
-160
-117
-104
-151
-138
-145
-129
-165
-139
-145
-173
-138
-161
-161
-107
-149
-129
-156
-95
-230
-143
-167
-167
-132
-83
-78
-157
-158
-122
-144
-138
-198
-137
-157
-118
-152
-164
-107
-122
-196
-142
-158
-101
-139
-149
-208
-192
-119
-200
-135
-187
-117
-164
-150
-182
-141
-151
-170
-167
-235
-170
-122
-165
-98
-111
-160
-192
-161
-156
-140
-160
-141
-145
-98
-167
-158
-214
-142
-133
-161
-180
-157
-146
-114
-146
-131
-217
-207
-207
-99
-158
-94
-246
-151
-158
-155
-164
-94
-185
-163
-142
-166
-101
-176
-170
-175
-120
-231
-146
-189
-141
-95
-103
-183
-104
-152
-195
-192
-240
-214
-149
-196
-144
-148
-183
-100
-105
-172
-216
-165
-161
-113
-176
-163
-260
-159
-126
-218
-157
-127
-139
-158
-202
-190
-137
-170
-178
-208
-158
-189
-161
-194
-189
-88
-108
-140
-159
-140
-143
-203
-268
-202
-140
-100
-265
-117
-133
-116
-184
-148
-172
-158
-59
-204
-123
-147
-187
-69
-151
-164
-158
-216
-156
-147
-56
-131
-122
-181
-149
-177
-150
-157
-138
-105
-161
-145
-173
-138
-100
-110
-97
-177
-125
-254
-175
-190
-208
-122
-134
-188
-160
-190
-143
-112
-144
-250
-124
-144
-106
-145
-135
-171
-226
-77
-116
-116
-107
-110
-156
-137
-134
-149
-160
-52
-72
-128
-136
-173
-100
-131
-133
-92
-119
-58
-132
-151
-67
-83
-150
-85
-135
-104
-231
-232
-224
-192
-159
-94
-204
-99
-186
-143
-103
-86
-145
-195
-188
-77
-166
-176
-167
-115
-70
-90
-198
-101
-182
-115
-219
-238
-190
-125
-104
-40
-109
-81
-138
-147
-127
-137
-172
-161
-178
-170
-226
-97
-75
-49
-168
-180
-136
-113
-220
-140
-87
-157
-144
-101
-135
-152
-170
-34
-170
-73
-320
-151
-121
-166
2
-211
-68
-125
-82
-175
-173
-43
-87
-102
-136
-116
-191
-140
-55
-134
-77
-146
-80
-173
-109
-103
-250
-61
-210
-147
-102
-141
-187
-10
-134
-77
-277
-100
-236
11
-81
-128
-149
-187
-131
-70
-147
-287
-142
-161
-125
-213
-212
-157
-25
-117
-59
-138
-264
-208
-4
-154
-113
-164
-125
-157
-155
-39
-201
-204
-168
-177
-48
-75
-160
-188
-141
-146
-48
-156
-97
-115
-128
-124
-35
-96
-114
-144
-56
-63
-145
-106
-122
-164
-86
-43
-123
-57
-49
-144
-70
-43
-131
-168
-136
-169
-191
-134
-141
-72
-137
-179
-75
-135
-105
-198
-245
-126
-108
-153
-96
-126
-128
-112
-73
-80
-179
-103
-117
12
-92
-32
-111
-129
-5
-38
-57
-148
-79
-168
-126
-64
-85
-90
-90
-152
-56
-99
-77
-197
-89
-110
-22
-90
-109
7
-72
-163
-109
-127
-136
-191
-214
-107
-112
-64
-49
-89
-180
133
-96
-77
-99
-113
-210
-63
-175
-32
-80
-71
7
-129
-38
-141
-149
-59
-206
-1
-90
-28
-220
-151
-87
-100
-10
-53
-109
-106
51
-188
-64
0
-105
-170
-157
-31
-111
-99
-133
-99
-98
-117
-171
-94
-176
-126
-68
82
-200
41
-117
-25
-152
-67
-84
15
-43
-135
-67
-171
-50
-37
-69
-75
27
-209
-63
-5
-39
-170
-117
-166
-78
-154
-119
66
-49
-52
-33
47
-47
-78
-75
78
-190
-212
-219
9
-34
-59
-15
-142
-84
-34
-37
-107
17
-42
-72
87
-190
43
-50
-42
-36
-109
21
-109
-254
-98
-110
-7
-30
-34
-149
-5
-111
0
-221
-171
-129
-179
-51
-103
-72
-167
29
-107
-40
-220
8
-197
-144
-1
-228
23
-24
58
-38
-96
-97
-160
-18
-35
66
-127
-141
-12
-193
10
77
30
-55
-145
-113
-94
-19
-165
-189
-11
-211
-27
-100
-33
-57
10
-125
-72
-111
-65
68
-19
146
-108
-18
-148
-187
-102
-88
5
-159
119
22
-80
-164
-147
14
-76
-274
-26
-130
-178
-169
73
-57
-84
-144
-99
-159
-167
-34
-72
-27
-32
-80
-70
-123
-87
-163
71
70
41
40
-179
-63
-106
-85
49
-114
-37
34
-104
18
-8
-108
-47
-67
-75
-61
-251
16
-146
-27
-106
-49
-58
-61
-72
-151
-129
-177
-30
-50
-153
-63
-118
-247
-62
-76
-7
106
-140
-18
-120
-136
-30
86
-40
29
-38
-69
-93
-3
-96
-171
-10
-22
-129
-119
-193
-170
-131
38
-154
-19
-72
135
79
-161
26
27
-32
-172
-79
-3
36
22
-156
-121
-113
0
-83
-147
-242
-5
-111
-59
171
-101
-67
-66
111
-159
-145
19
-122
-134
-204
30
15
-99
-198
-17
-64
-36
-19
-125
-48
-96
80
-1
-134
-112
-241
-102
46
-121
-50
-192
-160
22
-197
13
-30
3
-62
-84
-66
-148
90
17
-65
-64
-110
-143
-82
-224
-9
-36
-57
17
233
26
-48
-76
64
-42
-156
-116
59
-159
83
-103
-19
-98
81
-90
-36
38
-73
-138
-19
-29
-25
-214
119
32
-137
83
-108
-83
-1
-20
98
-219
83
132
124
-167
-46
61
-136
-73
10
-165
6
-16
79
5
-7
-78
-172
-35
12
-45
-151
60
-51
-33
-83
89
-94
-95
-40
-204
-22
99
-118
11
-210
46
-229
-4
-181
-109
-127
55
-372
63
-139
-182
78
-6
-80
-86
-38
151
-198
170
-101
27
-53
4
-29
26
-139
17
5
-19
60
-143
63
43
-117
75
-60
82
105
-139
-351
-121
-86
-97
33
46
-37
-63
-124
-89
0
21
3
-107
-193
-68
-205
20
124
32
-131
-50
-48
75
-20
-19
4
56
14
-31
72
-199
45
-125
-11
-146
-81
-204
49
50
133
-72
-9
-176
-77
180
-10
-17
144
-49
-57
-10
-209
-83
135
-115
-271
-103
-126
-32
-71
-31
83
-87
-37
-239
115
-32
129
-38
-136
22
-190
-144
67
11
-86
-208
-38
-185
-35
-79
-57
-148
-58
-81
-72
-128
79
-40
-37
-314
-195
84
-3
-7
-86
120
120
25
-189
-4
-144
-298
-42
7
-127
-15
-179
-78
-1
86
-46
-18
-44
-155
36
-142
-14
-274
-201
-164
-217
-156
124
226
59
-70
-48
43
61
-122
20
30
194
75
17
55
108
108
-180
5
-124
-34
-95
70
16
-69
-63
-40
-45
-23
98
-32
-22
-43
41
10
-170
139
-34
-63
-159
-226
175
-106
-45
-117
-43
-53
-45
-268
-60
86
-71
-137
-113
-116
-73
-13
-13
-38
3
-73
-160
-233
-48
-32
-59
-281
51
54
-42
-164
6
-131
-152
-173
-54
-69
37
66
-151
-73
-96
133
-12
-79
-98
-172
-13
-273
-46
65
-129
83
83
16
-221
-104
79
-59
-186
-10
101
-66
-29
-78
-22
-17
-48
61
51
29
-48
77
109
56
-104
87
-122
-71
46
19
-70
-84
75
-150
1
0
-102
-164
-37
91
-2
-134
54
-98
-20
93
78
62
-83
-65
22
-42
-56
78
50
-123
-8
-17
128
54
135
-31
94
-24
140
-195
62
-230
95
-78
107
20
-30
-13
33
30
-38
112
-172
22
24
64
-65
-103
-64
73
32
-142
258
112
-160
39
12
-36
-52
-66
-203
-214
67
-69
-55
22
-111
-29
-128
-55
83
-211
131
9
26
0
121
-50
36
-140
129
28
18
106
-216
68
45
20
7
71
-194
-26
41
10
-71
69
-100
-31
-138
2
58
5
48
-41
-22
42
-72
1
-184
-8
-2
77
30
-44
-63
-62
-2
-50
33
-102
-234
15
-38
8
-50
41
-120
-48
18
-18
-30
-71
91
-9
-19
2
61
257
-10
-67
-128
86
-75
43
-40
108
-99
-129
-28
-54
32
-52
12
-9
-73
-155
1
-137
-31
76
-83
-5
-56
24
-64
29
116
31
340
97
9
176
-78
-94
27
-103
32
134
-176
-40
49
3
1
157
46
123
129
28
119
-154
35
84
-152
50
-10
232
-14
54
-12
105
-10
47
73
79
67
-105
-92
-43
130
-28
-13
9
20
45
-88
-98
158
21
-159
10
21
146
120
203
84
-103
98
0
86
78
13
-107
51
-30
130
199
14
-41
-39
175
-60
-46
-77
75
-71
140
4
-43
141
-34
-49
-71
78
12
77
11
-43
51
-21
-15
47
12
41
37
-41
158
15
64
125
-80
126
123
124
116
197
93
46
51
124
118
39
97
147
130
163
112
63
-12
173
52
157
-108
109
4
-18
-8
158
106
113
28
145
104
64
155
138
-8
25
-28
23
46
39
56
104
125
168
-39
131
149
72
285
113
73
51
44
11
178
88
194
33
49
107
-110
186
253
48
254
331
-44
249
67
162
60
-10
75
192
89
278
-34
185
188
207
-55
-3
174
262
166
109
122
59
156
62
-1
41
-29
193
-91
166
120
116
69
89
118
-11
244
261
31
117
76
68
171
87
82
148
196
83
95
107
111
177
147
19
125
66
31
133
153
112
8
274
-65
214
173
177
203
101
103
101
115
-24
119
286
-11
106
24
223
260
193
27
22
-36
29
177
-22
147
2
194
121
37
179
-12
209
42
208
1
19
80
132
127
121
270
126
234
153
141
17
65
60
22
1
-3
152
69
25
195
122
135
71
177
136
35
128
-30
24
112
70
62
177
24
146
125
68
44
147
98
101
32
44
251
190
94
137
135
49
50
126
107
14
223
93
212
135
126
131
156
6
255
179
228
62
34
124
250
27
27
198
165
37
121
-3
81
67
83
167
-2
205
89
142
-5
259
92
259
107
125
133
142
154
173
112
92
32
-16
84
25
91
16
65
30
60
93
25
147
107
79
40
125
128
43
283
-11
85
82
152
95
99
22
85
19
-8
230
208
74
146
148
139
240
73
90
46
30
123
194
61
84
-35
79
144
-19
115
126
205
136
-13
70
53
70
190
120
157
123
204
41
107
86
-14
94
215
73
102
-9
51
90
111
225
25
130
0
166
192
122
117
166
76
79
198
119
75
177
136
114
123
160
221
336
73
138
106
114
167
110
281
117
173
136
157
90
177
95
139
42
184
45
52
94
74
224
144
159
-3
98
60
161
122
125
20
205
70
27
3
147
121
99
153
94
140
161
114
71
57
125
106
51
90
56
83
143
130
120
63
170
192
142
287
174
236
72
144
218
227
130
123
145
214
187
118
98
187
211
87
123
59
104
172
71
171
150
130
128
213
134
37
228
97
53
167
164
140
137
93
216
170
173
106
167
141
210
44
76
109
114
160
190
223
193
134
147
71
103
-10
184
163
100
145
175
79
101
80
209
210
164
114
150
124
179
183
66
123
238
58
238
84
117
126
162
207
105
132
159
181
123
160
140
49
117
154
104
208
221
143
59
209
80
110
181
124
178
150
128
135
38
110
98
156
146
145
156
87
174
154
87
87
143
46
216
59
130
134
143
153
126
126
154
150
248
146
154
135
206
138
176
125
180
148
169
186
151
122
126
117
173
146
125
143
167
233
158
135
181
101
141
213
153
130
152
123
112
144
166
141
180
170
164
81
149
96
79
147
89
128
143
139
111
219
205
124
20
225
226
79
138
156
77
197
171
144
72
205
150
171
45
125
202
70
225
137
129
144
148
178
156
183
146
176
150
147
123
128
159
135
40
181
139
211
155
155
144
161
115
172
94
192
134
166
147
148
176
132
131
163
73
172
125
141
181
115
142
120
156
131
146
155
112
111
151
87
121
121
138
154
95
124
168
105
143
158
128
135
155
178
143
134
177
169
110
210
142
128
150
188
143
173
167
143
131
139
131
157
144
103
169
158
160
178
123
144
144
161
113
150
136
196
198
162
147
191
185
163
138
122
154
136
155
105
191
147
129
147
170
154
115
154
140
159
183
175
160
146
166
180
139
163
178
156
171
88
159
133
191
150
148
175
97
126
140
134
166
108
169
115
146
152
143
130
177
139
167
138
147
124
150
183
148
148
142
165
173
157
147
165
139
171
166
156
176
160
134
172
159
159
167
132
149
147
131
157
168
150
162
116
136
164
152
167
138
141
160
162
144
153
146
172
132
162
160
171
151
157
177
142
138
148
164
175
160
168
166
181
159
132
152
161
124
178
142
182
147
144
158
157
142
148
168
150
154
156
172
156
171
162
161
142
165
139
174
145
164
159
176
147
156
135
152
152
147
163
150
153
144
147
162
174
158
168
163
143
140
148
147
160
165
155
166
164
164
130
127
144
144
141
156
157
138
153
179
141
139
158
146
138
148
145
174
153
154
157
165
156
174
166
152
154
149
153
145
141
163
163
144
154
165
159
177
156
147
169
183
162
153
161
162
155
140
116
137
162
168
159
158
152
160
161
153
160
182
136
152
175
167
142
167
166
148
144
144
135
168
137
164
160
165
141
158
151
147
156
159
180
150
143
173
150
133
132
151
133
136
151
183
147
140
150
176
104
177
146
151
134
152
149
150
129
172
162
115
135
144
155
192
133
130
158
156
150
124
177
117
160
168
172
166
138
155
168
159
145
159
172
147
135
145
142
102
142
154
214
181
137
171
147
161
157
129
170
129
139
173
149
149
147
185
165
165
185
177
129
136
182
175
159
135
119
142
189
97
149
122
139
95
114
180
139
142
156
100
138
152
172
124
120
162
175
149
179
148
129
135
145
151
87
162
119
140
163
132
83
157
123
192
136
164
146
172
127
137
164
152
137
159
177
151
161
127
137
120
145
125
113
188
201
178
136
150
87
165
167
170
131
146
147
154
149
167
151
180
132
114
133
128
158
203
174
124
147
104
144
160
118
151
127
148
132
110
133
180
139
109
133
137
151
123
173
156
99
176
150
168
162
158
163
204
137
141
147
208
153
168
143
176
112
146
160
127
134
156
116
128
111
135
129
142
176
169
121
109
178
107
69
100
38
149
260
118
115
97
211
93
98
142
139
94
130
132
118
138
123
195
74
96
195
217
190
224
178
207
82
166
114
185
132
98
148
115
128
170
161
170
184
160
187
91
166
131
181
118
178
153
84
163
112
175
132
119
82
166
66
168
133
190
86
161
22
59
94
127
165
115
95
237
115
196
116
136
71
109
153
122
134
111
148
158
120
154
124
152
175
167
87
159
112
170
107
105
76
93
51
174
131
145
158
114
92
142
62
126
84
84
111
55
153
36
89
162
188
111
84
53
74
205
54
148
201
137
170
49
155
89
177
115
155
181
92
120
61
144
62
91
116
268
91
190
131
32
94
203
70
73
106
161
167
142
105
92
114
190
72
51
145
58
73
138
48
113
144
50
141
182
71
119
74
51
151
186
215
59
66
104
118
109
153
142
119
97
76
62
41
176
70
131
77
117
71
108
148
60
65
95
85
175
143
159
224
59
156
113
181
148
204
143
152
104
120
144
67
70
-22
14
122
14
195
162
-11
137
-16
138
48
118
148
135
170
108
107
17
-3
59
121
157
-55
203
94
104
31
56
168
132
33
131
125
46
206
65
93
71
25
237
29
95
81
121
107
64
61
117
129
3
55
80
-14
88
36
0
64
108
-3
112
15
42
153
66
43
76
25
58
67
92
-18
152
53
85
98
-88
94
47
103
216
53
112
83
2
136
57
119
46
29
-29
101
104
9
45
90
102
71
56
12
88
209
224
111
99
58
-18
98
85
-138
52
67
146
170
188
116
133
44
79
86
79
180
-71
59
187
4
253
56
101
89
95
107
48
-6
77
58
62
42
-6
194
166
81
120
10
70
58
162
-32
92
81
192
121
126
167
76
127
-8
-78
173
-77
120
91
163
17
83
66
176
118
201
23
-11
162
-56
36
91
114
34
64
89
133
66
66
115
165
104
54
81
88
91
149
129
78
43
197
156
-68
38
49
155
199
82
126
-48
-7
118
61
185
93
81
172
-53
169
95
118
145
69
74
204
204
136
228
169
57
-46
64
-7
173
59
199
8
273
142
149
244
118
140
195
31
43
58
72
-135
51
-51
58
104
28
191
-22
-70
82
56
65
230
241
158
212
29
144
169
78
106
171
126
165
253
118
-55
233
21
226
77
18
102
162
261
166
100
-90
163
96
146
259
90
202
185
173
195
212
64
109
79
143
82
108
-34
129
154
43
108
55
148
114
260
144
287
119
237
141
15
252
169
185
44
72
178
238
143
103
210
165
231
133
274
95
195
55
14
163
59
299
235
250
175
68
12
-48
219
177
99
32
88
132
131
111
50
68
185
77
-31
166
207
143
105
100
-8
121
47
162
-11
-10
42
130
85
72
148
53
208
-56
-44
82
78
20
79
83
-61
28
-23
51
128
137
186
20
222
99
113
53
182
35
-64
62
121
233
87
-28
131
109
131
36
-29
67
-61
-41
80
2
171
16
110
84
75
11
99
41
164
-88
-110
-7
88
147
0
-11
225
7
221
81
110
-71
65
-40
9
58
33
111
-19
107
-97
-98
-3
68
70
15
-79
11
2
40
161
91
140
9
-161
42
11
-61
-83
127
-31
151
-34
6
148
167
158
44
37
-127
144
49
79
95
-125
131
-13
-10
25
-125
141
32
86
-58
89
94
65
-55
-27
-139
49
153
63
152
99
5
44
49
39
17
-125
-94
-37
174
68
98
81
135
-87
-56
241
33
-65
-60
215
-19
92
-34
91
37
-132
-96
296
-14
28
50
96
62
95
41
1
114
-6
106
-18
-62
-37
67
-56
33
38
22
144
24
-8
0
-44
47
-3
-145
-51
-141
152
50
-59
-91
122
-88
67
69
82
45
118
-108
-65
136
-72
146
34
94
-170
-12
222
-52
-64
-27
44
45
18
62
194
121
10
-104
-69
25
-51
-134
42
51
-145
111
42
18
11
-63
-19
23
56
-135
-94
21
69
-15
258
-128
143
-7
137
-34
43
12
8
-46
52
-135
-5
-138
20
-149
-101
29
-12
34
-49
230
58
-60
65
-60
-153
-105
-128
-62
-38
19
-97
55
-127
28
-146
88
-28
-23
-16
-60
-64
-102
34
12
-19
-46
-36
-22
-44
-137
-4
-68
-69
150
-30
56
-129
-46
-174
-132
-9
74
-101
122
-28
9
-1
6
-117
198
-64
-10
-142
-35
-97
-82
-49
72
-128
42
-124
-22
-7
74
24
132
-25
-52
12
-25
-49
-75
-1
-123
-34
-167
122
241
35
5
14
-2
-15
-119
-84
-16
-90
-76
-51
240
-13
-190
-13
25
-300
-36
-275
-101
43
94
111
81
-52
-59
-236
-21
160
-203
76
-157
48
-89
-136
127
29
126
-60
-84
-95
-27
197
21
-35
-60
-40
-37
104
39
13
-24
50
-12
-201
-117
95
28
70
27
-83
6
6
-143
-100
-82
-219
66
108
57
29
94
-107
-66
30
-28
-143
-37
162
86
10
-95
15
-102
153
6
64
-29
88
-68
47
-105
-53
124
86
23
-11
-189
-152
-103
-46
-72
-49
72
-72
-30
-82
105
-91
-173
-81
-7
-18
14
-64
-337
14
-177
90
5
-59
-125
-39
-29
132
-185
-197
15
65
-106
-109
-213
-129
133
-50
21
55
-15
-125
-9
-8
-63
-74
-85
-129
-110
-234
-164
-36
-75
69
53
-147
-76
-119
-107
-87
-14
-44
-125
-322
-155
-144
-194
-38
-209
-75
-147
-65
-89
-203
-127
40
-144
-135
-257
-45
-202
-133
-138
-73
-52
32
-215
-93
-86
-94
-101
-326
48
0
-134
-156
25
-71
-112
-31
25
-42
-122
-137
-343
-156
-96
7
-149
-65
-38
20
-45
-127
-139
-108
129
-72
-66
-122
-119
37
-158
-67
75
-166
-141
-87
20
-81
-23
-74
-51
-151
-292
-92
-109
-35
-158
-177
2
-119
-174
-110
80
-153
-10
-4
-58
-146
-173
-69
-68
-30
-116
1
-22
-106
-75
-107
-43
-30
-97
33
-234
-39
-67
-155
-70
-166
-101
-90
-152
-19
-72
19
-109
-143
31
-158
-126
-144
-63
-148
-24
-63
-111
-115
-87
-204
-136
-37
-8
-38
-155
-101
-60
-18
-67
-84
7
-53
-119
13
-79
-134
14
83
64
62
-172
-45
66
-34
-243
-139
13
2
-210
-87
-100
-144
-52
-40
51
-140
-19
-189
-110
-166
-120
-94
-161
-95
-120
-11
-137
-254
-137
-95
-153
78
-101
-125
-209
-172
-174
-148
-145
-136
-271
-262
-154
-89
-139
-101
-102
-112
-4
-139
45
-169
94
140
-133
-128
-84
-45
-39
-212
-58
20
-95
105
-117
5
-182
-205
121
40
29
35
-141
57
-20
-71
-11
11
-7
-153
-118
-188
91
-155
-42
-107
-149
-142
-175
-97
-37
-170
-146
48
-199
-210
-27
-90
-20
-170
22
-198
-207
38
-38
-7
36
-126
-177
3
-96
-109
12
-108
-59
-134
-169
-12
-24
-146
-9
-169
-94
-105
71
-83
-121
-37
-110
-110
-70
12
-132
-69
-44
-56
-89
-39
-150
-51
-37
-54
-113
-120
-123
-51
18
-137
-55
15
10
-216
-104
-282
-53
-101
-27
-83
-159
-67
-113
-131
-150
21
-29
-136
-218
-75
-86
95
-14
-129
-154
-154
-103
-29
-189
1
-154
108
-69
-143
-144
-223
-130
-60
22
-30
-122
-74
-175
-141
-59
-316
-5
-89
-16
-111
-129
-349
-108
-70
-126
-154
-37
-58
-238
-160
-82
-52
-223
-30
-90
-85
-122
-110
-185
-125
-154
-107
-209
-257
61
-216
13
-135
-149
-122
-64
-315
-11
-88
-86
-194
-65
48
-83
-254
-108
-138
-113
-74
-280
-76
-159
-61
40
-44
-80
-120
-81
-22
89
-135
-180
-136
-81
-186
-217
66
-99
-210
-207
-145
-99
-58
-144
-139
-197
-135
-177
-128
-207
-145
-97
-99
-150
-66
-104
12
-144
-179
-164
-96
-47
-45
-61
-209
-107
-175
-140
-31
-191
-200
-59
-178
-102
-15
1
-156
-110
-184
-104
-198
-185
-202
-65
-79
-122
-138
-121
-126
-155
-100
-77
-119
-42
-123
-192
-7
-198
30
-96
-118
2
-209
-230
-22
-127
-98
-62
-110
-101
-36
-139
-89
-140
-120
-139
-29
-171
-179
-10
-146
-69
-218
-262
-144
-35
-149
-59
-97
-48
-169
-158
-12
-137
-61
-143
-174
0
-71
-141
-236
-116
-56
-99
-97
-218
-77
-219
-15
-94
-77
-168
-69
-193
-70
-2
-129
-110
-65
-190
-105
-49
-129
-96
-164
-135
-55
-58
-182
-59
-122
-81
-151
-77
-129
-181
-113
-16
-105
-133
-215
-178
-183
-142
-121
-210
-88
-130
-23
-202
-75
-96
-109
-143
-87
-143
-61
-232
-94
-151
-22
-114
-161
-199
-89
-160
-115
-76
-71
-60
-214
-217
-97
-52
-144
-151
-35
-79
-190
-136
-206
-218
-111
-98
-69
-131
-47
-154
-96
-149
-170
-147
-104
-53
-41
-75
-117
-163
-110
-124
-136
-113
-156
-180
-25
-165
-128
-117
-119
-184
-142
-144
-120
-20
-128
-115
-69
-85
-92
-90
-98
-126
-188
-117
-87
-118
-162
-88
-157
-177
-162
-127
-172
-153
-242
-139
-211
-119
-65
-223
-43
-31
-160
-184
-103
-156
-130
-136
-177
-86
-71
-117
-66
-166
-87
-158
-118
-162
-174
-186
-55
-188
-166
-214
-158
-97
-141
-171
-138
-198
-104
-82
-115
-127
-152
-201
-130
-134
-80
-154
-198
-146
-128
-49
-136
-156
-73
-180
-99
-164
-147
-140
-147
-178
-186
-160
-83
-182
-197
-48
-99
-163
-125
-181
-82
-114
-127
-154
-125
-181
-124
-70
-110
-100
-98
-137
-152
-165
-185
-101
-165
-125
-208
-194
-145
-114
-202
-196
-100
-191
-193
-133
-107
-166
-164
-73
-165
-117
-232
-184
-54
-111
-157
-103
-128
-170
-127
-137
-252
-159
-135
-198
-186
-147
-186
-110
-128
-197
-154
-126
-115
-145
-146
-200
-189
-190
-113
-152
-189
-188
-188
-161
-86
-224
-180
-205
-163
-189
-135
-177
-110
-153
-135
-177
-165
-146
-131
-113
-184
-152
-164
-224
-132
-183
-187
-219
-141
-146
-168
-89
-123
-156
-113
-202
-155
-132
-161
-158
-124
-152
-134
-194
-148
-153
-220
-176
-153
-119
-163
-135
-131
-124
-186
-186
-205
-210
-134
-203
-151
-194
-152
-164
-112
-143
-144
-167
-119
-149
-179
-167
-179
-164
-155
-166
-174
-111
-195
-132
-111
-191
-165
-165
-138
-131
-136
-134
-132
-141
-139
-139
-136
-125
-128
-193
-146
-151
-202
-157
-143
-173
-144
-163
-116
-94
-166
-145
-171
-158
-167
-123
-129
-117
-128
-110
-158
-132
-149
-146
-177
-139
-146
-120
-156
-134
-147
-128
-148
-181
-136
-125
-117
-122
-146
-126
-151
-152
-139
-142
-158
-158
-188
-138
-158
-156
-139
-139
-134
-147
-143
-131
-172
-142
-151
-157
-170
-131
-159
-139
-158
-152
-154
-151
-135
-156
-161
-116
-156
-108
-146
-152
-151
-129
-117
-144
-135
-152
-129
-132
-126
-144
-125
-156
-122
-155
-70
-151
-129
-140
-110
-135
-141
-168
-135
-147
-151
-142
-131
-129
-140
-156
-123
-131
-139
-135
-125
-122
-156
-146
-135
-134
-123
-133
-132
-116
-146
-150
-137
-145
-137
-145
-132
-150
-138
-156
-145
-146
-140
-157
-130
-137
-145
-135
-123
-149
-123
-138
-125
-140
-130
-143
-154
-129
-144
-150
-134
-126
-146
-149
-170
-160
-145
-132
-143
-133
-170
-128
-174
-136
-154
-160
-158
-166
-154
-133
-129
-131
-138
-153
-126
-160
-155
-123
-140
-138
-159
-150
-143
-136
-168
-149
-141
-135
-107
-144
-155
-163
-133
-126
-115
-174
-133
-119
-183
-127
-148
-123
-123
-102
-162
-144
-108
-164
-134
-92
-167
-138
-148
-107
-156
-131
-134
-138
-153
-117
-104
-120
-150
-120
-120
-140
-144
-133
-153
-128
-147
-113
-141
-147
-149
-142
-155
-127
-138
-167
-93
-150
-159
-146
-77
-140
-115
-150
-125
-139
-125
-108
-119
-141
-177
-114
-170
-133
-137
-94
-161
-122
-127
-169
-146
-119
-111
-141
-95
-140
-111
-145
-103
-145
-151
-125
-149
-133
-92
-144
-115
-123
-79
-116
-144
-111
-121
-131
-167
-115
-142
-76
-165
-108
-175
-136
-126
-133
-137
-124
-125
-88
-107
-142
-113
-110
-138
-124
-103
-75
-107
-129
-144
-159
-93
-95
-125
-125
-135
-119
-120
-107
-123
-159
-104
-79
-155
-72
-95
-97
-55
-93
-77
-216
-170
-64
-119
-76
-104
-123
-110
-99
-112
-114
-132
-121
-138
-132
-70
-121
-119
-117
-100
-103
-120
-97
-113
-158
-152
-124
-160
-155
-125
-114
-96
-66
-139
-96
-117
-138
-99
-88
-113
-98
-108
-82
-82
-96
-146
-83
-95
-133
-104
-118
-96
-96
-153
-158
-146
-85
-142
-87
-79
-139
-105
-91
-140
-99
-115
-208
-108
-92
-107
-104
-39
-69
-94
-150
-140
-129
-95
-136
-157
-52
-99
-94
-136
-87
-132
-76
-179
-94
-39
-135
-137
-141
-126
-135
-145
-62
-160
-158
-91
-166
-65
-135
-16
-96
-137
-77
-37
-184
-141
-139
-141
-217
-105
-93
-93
-163
-48
-71
-169
-118
-83
-111
-166
-139
-142
-96
-110
-86
-108
-15
-130
-141
-119
-110
-88
-147
-55
-46
-104
-98
-72
-60
-117
-93
-98
-53
-191
-221
-182
-163
-20
-232
-183
-65
-94
-30
-207
-42
-23
-188
-70
-154
-144
-202
-110
-171
-179
-99
-45
-197
-179
75
-136
-173
-226
-100
-229
-125
-110
-152
5
-147
-253
-175
-85
-72
-167
-178
-107
-164
-132
-169
-135
-128
-136
-185
-167
-197
-186
-133
-125
-234
23
-126
-119
-161
-96
-160
-57
-128
-191
-55
-159
-176
-286
-75
-87
-149
-58
-48
-48
-74
-103
-93
-298
-23
-177
-56
-93
-148
-101
-57
-170
-164
-24
-29
-51
-19
-107
-45
-87
-170
-31
-99
-167
-125
-49
-108
-114
-79
-71
-136
-175
-126
-137
-157
-126
-135
-99
-95
-213
-31
-91
-141
-111
-154
-197
-197
-271
-77
-129
-155
-98
-171
-167
-34
-76
-210
-190
-163
-118
-101
-117
-128
-105
-36
-79
23
-150
-45
-90
-108
27
-113
-174
-77
54
-98
-195
-341
-20
-67
-154
-66
32
-128
-56
-82
-152
87
-217
-1
-110
-46
-27
-230
-240
-134
-68
-180
-16
-193
-78
-296
-158
14
-145
-206
3
-77
-149
-153
-135
-226
-22
-182
-143
-85
-58
-143
-53
-149
-121
-194
16
-99
-81
-188
-224
-30
-121
-120
-94
-146
-134
-52
-1
-97
-191
-68
-148
-264
-112
-92
-10
-132
-140
-57
-124
-171
-59
70
-10
-87
17
-93
-11
-195
-87
-146
-20
-107
-191
-32
-46
54
-103
-99
33
-198
-146
-42
-77
-66
-107
-27
-217
-218
-219
-156
-287
-13
-28
-189
-261
-74
-130
-182
-90
29
-64
-112
-163
3
-112
10
-37
-52
-50
50
-60
-84
-12
-72
33
-70
17
-72
-121
-94
-75
-82
-130
-146
-138
52
32
-60
-177
-110
-102
-68
36
-5
-176
-38
-128
-35
51
-117
-155
-13
-157
-31
27
-80
-114
-96
-48
-29
55
42
85
-96
51
40
-103
-50
46
-37
-3
-80
-104
-127
-68
-115
-52
-106
-11
-35
48
142
-68
-217
38
9
-1
-12
-12
-123
-109
-173
-44
-4
67
41
-174
-64
-33
-126
125
229
47
-178
102
-110
-40
-59
-73
-10
-62
-178
-43
-79
15
-69
3
34
-45
-107
157
-35
-64
40
-130
-66
-114
-6
-11
-14
39
-115
-75
-165
-77
-105
129
-1
-59
-114
-116
-23
-152
51
-94
-56
-91
-5
-26
124
89
31
-109
1
-205
-92
140
-63
-32
-39
-197
-112
-162
-109
-75
-5
-40
125
-16
37
-36
44
-28
48
-73
-32
-33
1
-93
-143
158
160
1
-162
-50
185
-26
-66
146
-73
17
5
-109
36
73
-54
-9
-224
-3
-147
146
-120
173
-65
116
111
-1
-21
-58
-31
-21
16
-87
9
-12
-72
-59
-53
36
-50
-70
-128
-7
-146
-65
-139
-107
-105
-59
64
17
16
-147
238
32
-124
53
-78
-83
-96
-170
150
33
62
31
-1
21
-46
92
-156
-65
-109
17
-85
-27
-45
-90
7
146
56
-76
64
46
-58
-9
3
-54
98
57
64
-42
48
13
99
-185
20
87
73
-10
-3
49
-81
-61
16
74
-43
98
-82
-132
25
102
-48
30
-41
26
-199
-2
-210
-208
68
-133
-46
53
-70
-32
12
134
84
30
-38
107
53
94
-107
86
87
-127
-30
-23
-22
101
-12
66
98
-23
14
42
149
-65
-133
25
-182
-79
-3
86
-110
16
48
13
218
-24
-55
-13
-63
-38
-174
54
-13
-6
140
61
60
32
168
15
49
-34
122
126
-39
-17
71
172
74
-97
138
68
-88
-73
-37
-236
-37
147
39
-72
206
-36
-43
21
83
24
101
81
104
117
123
154
52
148
188
-108
87
129
154
39
108
127
-94
46
27
3
-146
16
123
-18
144
117
62
-47
-83
128
121
209
192
139
-168
-117
184
-11
95
-15
213
-57
82
48
145
29
-2
29
-86
51
-40
-107
-13
228
11
-21
180
53
146
-77
151
-14
91
-41
62
230
88
224
139
18
140
32
304
-136
-76
14
160
37
140
37
188
38
-190
-86
57
-20
200
-75
3
45
30
36
183
-10
-21
-27
128
149
-41
-59
8
6
51
38
53
-69
56
110
15
253
62
-67
-40
306
-40
10
106
49
50
95
56
114
151
3
4
100
188
180
-61
43
147
-32
214
11
168
13
55
79
27
-121
191
-49
96
1
-94
94
115
61
-22
33
188
20
19
104
114
31
88
-98
129
176
53
160
141
-218
114
-183
-129
100
-49
24
-127
56
-56
151
164
-45
-94
-103
-96
9
6
29
-89
4
13
189
72
120
63
-122
224
230
150
87
-71
197
-24
113
-40
89
24
329
114
43
71
-53
109
-108
21
99
-87
-81
-83
-25
52
56
129
85
219
176
135
89
25
-41
-31
16
197
-80
31
65
124
41
21
42
2
80
-98
184
45
9
17
118
-43
80
-73
106
21
155
-97
-32
183
-68
124
129
-38
241
-51
-107
128
-12
-44
-61
171
-9
172
20
-25
-107
19
-59
27
121
71
-153
161
-84
186
88
62
-80
-113
-17
148
59
-51
213
17
91
-117
296
-37
109
6
33
60
39
54
119
169
89
154
22
74
-73
-25
15
23
-76
91
185
112
-73
25
151
-48
-52
-16
176
55
70
6
23
211
92
-40
146
15
175
-158
-18
-43
-47
283
94
-29
144
-60
32
-50
49
-11
90
112
-109
169
73
54
-74
63
11
39
-113
23
-73
66
94
83
92
54
3
80
98
142
36
129
-110
182
92
184
186
-107
-76
30
-48
44
26
145
53
287
173
78
-62
77
-89
216
71
187
18
108
46
52
-124
85
64
84
76
-15
102
-70
-165
67
277
7
19
12
25
-1
66
-30
363
102
21
-38
96
42
119
121
2
119
156
14
-98
236
158
245
91
112
-16
22
148
-84
73
67
221
-70
5
9
186
25
117
-59
294
132
114
19
25
7
-48
65
155
18
101
85
198
121
82
74
-53
-14
106
230
266
59
2
124
164
30
194
90
247
14
-26
96
119
79
69
125
157
73
83
20
42
227
180
-50
0
306
136
116
15
323
134
-19
36
-45
219
138
-6
284
-32
112
4
174
282
8
73
73
144
181
135
-78
172
54
139
141
239
123
162
198
96
91
203
194
49
175
84
361
162
245
60
270
193
156
191
130
52
58
68
86
68
29
98
166
143
128
231
156
157
118
15
159
97
65
147
190
77
93
168
155
159
46
145
193
134
247
189
106
175
-20
-7
154
147
113
243
83
100
91
40
270
219
89
159
67
185
116
-43
209
41
40
1
36
15
91
87
242
102
230
131
84
75
56
199
-28
87
48
74
180
-56
101
49
179
129
140
203
-76
246
195
242
88
51
-29
81
168
19
31
223
-4
62
120
45
28
86
234
83
136
117
106
166
166
28
64
207
243
158
97
63
83
7
-32
62
165
222
-76
197
43
-15
34
154
95
262
169
90
160
124
97
104
44
204
36
39
130
82
98
176
187
50
42
160
31
150
84
143
149
45
51
-52
55
105
182
94
142
88
-29
179
213
201
195
92
111
183
178
65
64
212
119
126
93
168
205
101
92
251
163
83
110
155
200
122
199
134
61
96
238
73
213
153
192
141
137
234
96
147
213
45
141
174
83
197
263
227
113
250
152
171
23
139
97
95
10
90
-15
255
172
77
75
283
229
306
200
93
269
97
226
147
133
198
249
57
157
135
224
167
198
8
133
227
291
176
344
64
178
43
105
62
211
146
-12
186
129
19
64
45
235
64
219
176
206
138
101
171
145
120
83
94
103
101
206
143
128
130
38
131
177
80
163
108
180
95
180
109
90
85
161
148
211
91
128
148
147
158
140
210
171
59
-3
270
150
154
177
156
148
214
79
78
122
185
46
134
125
159
72
208
237
128
156
227
114
192
90
180
166
126
229
86
182
136
185
213
122
71
140
194
78
174
153
202
65
155
167
212
193
183
78
192
114
148
76
179
184
194
150
204
216
186
123
217
183
155
165
203
256
43
89
97
199
128
241
280
188
105
176
106
209
113
200
168
198
202
226
199
163
155
262
110
169
179
104
191
82
174
118
218
168
145
103
205
235
97
209
85
151
104
142
207
181
250
55
87
172
-5
162
124
86
162
219
121
159
106
202
126
155
209
165
265
144
164
137
132
177
216
189
140
145
182
195
164
128
137
209
88
182
259
109
198
94
110
79
170
214
120
185
156
207
161
121
165
128
169
106
150
108
226
154
156
229
165
94
167
109
223
118
195
141
210
237
196
139
104
175
175
172
110
119
131
102
155
168
183
186
198
216
166
216
164
123
108
138
135
126
95
170
210
196
208
166
118
167
134
156
201
142
220
144
178
172
156
166
128
197
141
183
219
138
216
154
149
191
116
145
176
232
160
105
167
172
107
181
178
219
167
211
219
180
155
179
167
196
185
195
227
173
185
160
167
144
194
144
149
116
197
190
164
168
165
129
147
108
130
152
144
139
203
172
169
109
125
149
183
174
163
180
205
188
166
203
146
155
183
154
138
166
167
213
197
162
189
143
165
134
167
165
163
156
117
192
140
166
192
149
167
168
186
137
212
173
174
197
190
158
182
140
164
145
192
115
175
242
125
141
174
156
127
152
192
186
188
150
160
191
158
205
180
144
212
173
201
180
180
186
161
154
148
157
170
163
174
163
198
141
158
143
177
193
194
183
176
146
166
181
177
157
146
182
162
186
177
182
157
142
146
163
180
137
177
165
171
154
157
219
182
175
181
174
178
177
179
185
156
134
207
146
163
166
173
125
154
158
156
155
141
156
189
165
140
150
177
142
176
171
160
172
185
159
156
157
148
163
174
151
166
158
142
159
150
149
161
147
153
155
159
154
156
147
178
152
178
178
162
149
163
159
191
128
184
127
159
149
153
138
157
159
154
169
147
157
148
148
153
140
168
154
165
176
147
169
124
146
152
179
152
153
146
135
188
143
147
156
148
170
156
145
170
141
174
172
145
160
136
160
163
157
145
158
127
141
94
93
